smoothed;2
(;);n;o;r;d;s;t;m; ;h;a;p;e;c;i;l;y;f;u;g;w;b;k;v;#
(;0.000123;0.017649;0.025493;0.045839;0.018507;0.025738;0.060914;0.149773;0.029783;0.000123;0.037014;0.120480;0.029906;0.021816;0.029783;0.128570;0.024513;0.043388;0.023042;0.005393;0.020223;0.075745;0.042407;0.004167;0.005638;0.013972
);0.038462;0.038462;0.038462;0.038462;0.038462;0.038462;0.038462;0.038462;0.038462;0.038462;0.038462;0.038462;0.038462;0.038462;0.038462;0.038462;0.038462;0.038462;0.038462;0.038462;0.038462;0.038462;0.038462;0.038462;0.038462;0.038462
n;0.000012;0.007999;0.009150;0.064606;0.000436;0.176223;0.040550;0.124220;0.002327;0.238866;0.000351;0.030031;0.000315;0.066024;0.022953;0.026868;0.005284;0.012701;0.004811;0.006023;0.130813;0.000303;0.000254;0.023062;0.005017;0.000800
o;0.000011;0.002663;0.152079;0.019510;0.111312;0.015539;0.022522;0.053305;0.051952;0.152963;0.005598;0.003350;0.022435;0.007344;0.012756;0.019412;0.027673;0.001440;0.077835;0.156542;0.004288;0.044346;0.011196;0.009319;0.013072;0.001539
r;0.000016;0.007938;0.015633;0.069112;0.014194;0.020435;0.048257;0.053188;0.013855;0.199415;0.001390;0.066445;0.003136;0.286617;0.011527;0.074496;0.007210;0.041322;0.002829;0.026950;0.013871;0.001229;0.001875;0.011802;0.007049;0.000210
d;0.000024;0.013362;0.011464;0.098681;0.015598;0.008243;0.019876;0.000192;0.005624;0.540244;0.000168;0.033142;0.000192;0.134947;0.000913;0.079454;0.005167;0.013699;0.000144;0.010094;0.004158;0.000601;0.000385;0.000192;0.003100;0.000336
s;0.000014;0.014269;0.007264;0.075249;0.000928;0.000928;0.038382;0.125333;0.004246;0.422764;0.037522;0.030927;0.015061;0.109767;0.009230;0.056078;0.010582;0.004574;0.001038;0.026421;0.000328;0.002458;0.001461;0.004492;0.000109;0.000573
t;0.000008;0.009490;0.000540;0.083908;0.029152;0.000091;0.043047;0.015183;0.001421;0.285638;0.309347;0.032435;0.000075;0.070055;0.002892;0.075922;0.006565;0.014385;0.000349;0.011776;0.000025;0.007271;0.000116;0.000017;0.000199;0.000091
m;0.000038;0.008932;0.002032;0.102894;0.001035;0.000115;0.031167;0.000077;0.018861;0.142227;0.000038;0.158789;0.075139;0.295726;0.003872;0.086908;0.000230;0.025417;0.000767;0.022618;0.000038;0.000038;0.022925;0.000038;0.000038;0.000038
 ;0.000004;0.000004;0.020572;0.059734;0.023300;0.033066;0.060564;0.173821;0.032796;0.000004;0.042314;0.118280;0.037464;0.018269;0.041917;0.086445;0.027112;0.024585;0.031538;0.008307;0.022629;0.067640;0.041971;0.009507;0.005753;0.012404
h;0.000015;0.003273;0.004825;0.076146;0.008314;0.000384;0.001383;0.024911;0.000876;0.087196;0.000077;0.235309;0.000015;0.390783;0.000461;0.148497;0.001537;0.006623;0.000092;0.008667;0.000015;0.000092;0.000400;0.000046;0.000031;0.000031
a;0.000010;0.001397;0.206237;0.000627;0.084233;0.027026;0.077679;0.176828;0.022579;0.077720;0.005783;0.000031;0.013621;0.000986;0.033539;0.024345;0.093365;0.034412;0.004448;0.015460;0.015408;0.006122;0.029173;0.015624;0.028660;0.004684
p;0.000046;0.004629;0.000046;0.142255;0.154106;0.000509;0.016804;0.015693;0.001759;0.087538;0.015230;0.106101;0.056337;0.182900;0.000278;0.044487;0.117628;0.003009;0.000741;0.049440;0.000093;0.000046;0.000139;0.000093;0.000046;0.000046
e;0.000007;0.010236;0.088932;0.010923;0.119175;0.044063;0.078578;0.029688;0.024116;0.358878;0.001352;0.053472;0.010569;0.030575;0.027959;0.010591;0.031610;0.016245;0.007827;0.000532;0.005839;0.007516;0.002247;0.002587;0.016223;0.010258
c;0.000033;0.001661;0.000293;0.185107;0.044803;0.000456;0.005698;0.097877;0.000163;0.028295;0.127865;0.193345;0.000033;0.115655;0.014131;0.049264;0.036338;0.013154;0.000033;0.032365;0.000228;0.000033;0.000847;0.052064;0.000033;0.000228
i;0.000012;0.000338;0.261103;0.056459;0.025037;0.041045;0.129194;0.125070;0.035826;0.054199;0.000070;0.017954;0.005068;0.022870;0.069368;0.000047;0.032004;0.000012;0.026960;0.000326;0.031538;0.000012;0.007503;0.026622;0.024292;0.007072
l;0.000022;0.004439;0.000625;0.059671;0.002610;0.053269;0.024962;0.013228;0.002632;0.153472;0.000022;0.078543;0.003190;0.148208;0.001249;0.155100;0.150951;0.107341;0.006246;0.013228;0.000223;0.002588;0.000535;0.012135;0.005488;0.000022
y;0.000038;0.025380;0.002153;0.218483;0.013596;0.000906;0.025795;0.007440;0.007289;0.598157;0.000151;0.001964;0.002115;0.047738;0.001284;0.023491;0.004796;0.000038;0.000264;0.000076;0.000264;0.004872;0.011670;0.000038;0.001737;0.000264
f;0.000046;0.004225;0.000046;0.171083;0.059156;0.000046;0.001562;0.027327;0.000092;0.379369;0.000046;0.060028;0.000046;0.086070;0.000138;0.097552;0.015983;0.006200;0.058926;0.031461;0.000230;0.000046;0.000138;0.000092;0.000046;0.000046
u;0.000029;0.002073;0.082331;0.001267;0.134061;0.015689;0.160170;0.163164;0.036502;0.112787;0.000115;0.025793;0.038949;0.037855;0.026398;0.014854;0.081093;0.005383;0.003253;0.000115;0.031723;0.000058;0.022828;0.000317;0.002476;0.000720
g;0.000041;0.010352;0.018715;0.112004;0.048187;0.000122;0.024073;0.003045;0.002964;0.380790;0.096497;0.053952;0.000041;0.127471;0.000041;0.052978;0.011570;0.004669;0.000568;0.043316;0.008282;0.000081;0.000081;0.000041;0.000041;0.000081
w;0.000040;0.008304;0.021077;0.099810;0.011942;0.001068;0.014592;0.000949;0.000475;0.142597;0.228488;0.177950;0.000079;0.178385;0.000119;0.107561;0.001859;0.002531;0.000949;0.000119;0.000040;0.000040;0.000435;0.000514;0.000040;0.000040
b;0.000055;0.001759;0.000055;0.163688;0.035795;0.000165;0.014351;0.003079;0.000330;0.017870;0.000055;0.098202;0.000715;0.319074;0.000220;0.049046;0.110464;0.044702;0.000110;0.126684;0.000055;0.000220;0.003904;0.000055;0.006818;0.002529
k;0.000079;0.013583;0.110558;0.007028;0.000948;0.001185;0.037037;0.005686;0.001027;0.299929;0.000711;0.015241;0.000948;0.347153;0.000079;0.139935;0.009082;0.004185;0.000474;0.001974;0.001342;0.001027;0.000474;0.000158;0.000079;0.000079
v;0.000088;0.000530;0.000088;0.051368;0.000088;0.000088;0.000971;0.000088;0.000088;0.002913;0.000088;0.065843;0.000088;0.714387;0.000088;0.159665;0.000177;0.001677;0.000088;0.001059;0.000088;0.000088;0.000088;0.000088;0.000088;0.000088
#;0.000162;0.002909;0.000162;0.118940;0.000485;0.000162;0.000323;0.065611;0.000162;0.055591;0.000646;0.076600;0.048319;0.092760;0.027957;0.048481;0.001616;0.010989;0.000323;0.443116;0.000162;0.000162;0.000162;0.000162;0.000162;0.003878
