smoothed;3
(;a;l;r;i;g;h;t; ;j;m;c;e;y;s;n;);o;k;v;b;f;w;u;d;p;#
((;0.037037;0.037037;0.037037;0.037037;0.037037;0.037037;0.037037;0.037037;0.037037;0.037037;0.037037;0.037037;0.037037;0.037037;0.037037;0.037037;0.037037;0.037037;0.037037;0.037037;0.037037;0.037037;0.037037;0.037037;0.037037;0.037037;0.037037
(a;0.001155;0.002309;0.143187;0.043880;0.003464;0.009238;0.001155;0.017321;0.178984;0.001155;0.016166;0.017321;0.001155;0.001155;0.061201;0.442263;0.002309;0.001155;0.001155;0.001155;0.012702;0.011547;0.001155;0.003464;0.006928;0.016166;0.001155
(l;0.004255;0.089362;0.008511;0.004255;0.485106;0.004255;0.004255;0.004255;0.008511;0.004255;0.004255;0.004255;0.182979;0.008511;0.004255;0.004255;0.004255;0.123404;0.004255;0.004255;0.004255;0.004255;0.004255;0.012766;0.004255;0.004255;0.004255
(r;0.005025;0.050251;0.005025;0.005025;0.361809;0.005025;0.005025;0.005025;0.005025;0.005025;0.005025;0.005025;0.326633;0.015075;0.005025;0.005025;0.005025;0.085427;0.005025;0.005025;0.005025;0.005025;0.005025;0.055276;0.005025;0.005025;0.005025
(i;0.000994;0.000994;0.005964;0.002982;0.000994;0.000994;0.000994;0.271372;0.394632;0.000994;0.097416;0.000994;0.000994;0.000994;0.042744;0.084493;0.001988;0.000994;0.000994;0.013917;0.000994;0.063618;0.000994;0.000994;0.004970;0.000994;0.000994
(g;0.006211;0.055901;0.012422;0.099379;0.074534;0.006211;0.006211;0.006211;0.006211;0.006211;0.006211;0.006211;0.136646;0.006211;0.006211;0.006211;0.006211;0.409938;0.006211;0.006211;0.006211;0.006211;0.006211;0.086957;0.006211;0.006211;0.006211
(h;0.003135;0.144201;0.003135;0.003135;0.112853;0.003135;0.003135;0.003135;0.021944;0.003135;0.003135;0.003135;0.489028;0.006270;0.003135;0.003135;0.003135;0.122257;0.003135;0.003135;0.003135;0.003135;0.003135;0.040752;0.003135;0.003135;0.003135
(t;0.000848;0.013571;0.000848;0.045802;0.011026;0.000848;0.738762;0.000848;0.000848;0.000848;0.000848;0.000848;0.027142;0.001696;0.000848;0.000848;0.000848;0.125530;0.000848;0.000848;0.000848;0.000848;0.016115;0.005089;0.000848;0.000848;0.000848
( ;0.037037;0.037037;0.037037;0.037037;0.037037;0.037037;0.037037;0.037037;0.037037;0.037037;0.037037;0.037037;0.037037;0.037037;0.037037;0.037037;0.037037;0.037037;0.037037;0.037037;0.037037;0.037037;0.037037;0.037037;0.037037;0.037037;0.037037
(j;0.008850;0.106195;0.008850;0.008850;0.026549;0.008850;0.008850;0.008850;0.008850;0.008850;0.008850;0.008850;0.088496;0.008850;0.008850;0.008850;0.008850;0.141593;0.008850;0.008850;0.008850;0.008850;0.008850;0.442478;0.008850;0.008850;0.008850
(m;0.004274;0.239316;0.004274;0.017094;0.072650;0.004274;0.004274;0.004274;0.004274;0.004274;0.004274;0.012821;0.128205;0.247863;0.004274;0.004274;0.004274;0.149573;0.004274;0.004274;0.004274;0.004274;0.004274;0.051282;0.004274;0.004274;0.004274
(c;0.004425;0.234513;0.243363;0.057522;0.017699;0.004425;0.066372;0.004425;0.004425;0.004425;0.004425;0.004425;0.022124;0.004425;0.004425;0.004425;0.008850;0.247788;0.004425;0.004425;0.004425;0.004425;0.004425;0.022124;0.004425;0.004425;0.004425
(e;0.006757;0.087838;0.020270;0.047297;0.054054;0.006757;0.006757;0.020270;0.006757;0.006757;0.047297;0.027027;0.006757;0.013514;0.020270;0.074324;0.006757;0.006757;0.006757;0.317568;0.006757;0.013514;0.006757;0.006757;0.054054;0.013514;0.108108
(y;0.002421;0.002421;0.002421;0.002421;0.002421;0.002421;0.002421;0.002421;0.002421;0.002421;0.002421;0.002421;0.452785;0.002421;0.002421;0.002421;0.002421;0.476998;0.002421;0.012107;0.002421;0.002421;0.002421;0.002421;0.002421;0.002421;0.002421
(s;0.002375;0.095012;0.014252;0.002375;0.033254;0.002375;0.121140;0.078385;0.002375;0.002375;0.009501;0.023753;0.109264;0.004751;0.002375;0.002375;0.002375;0.382423;0.002375;0.002375;0.002375;0.002375;0.009501;0.049881;0.002375;0.035629;0.002375
(n;0.003279;0.019672;0.003279;0.003279;0.111475;0.003279;0.003279;0.003279;0.006557;0.003279;0.003279;0.003279;0.118033;0.003279;0.003279;0.003279;0.003279;0.665574;0.003279;0.003279;0.003279;0.006557;0.003279;0.006557;0.003279;0.003279;0.003279
();0.037037;0.037037;0.037037;0.037037;0.037037;0.037037;0.037037;0.037037;0.037037;0.037037;0.037037;0.037037;0.037037;0.037037;0.037037;0.037037;0.037037;0.037037;0.037037;0.037037;0.037037;0.037037;0.037037;0.037037;0.037037;0.037037;0.037037
(o;0.003067;0.003067;0.003067;0.070552;0.003067;0.003067;0.199387;0.015337;0.003067;0.003067;0.003067;0.003067;0.003067;0.003067;0.003067;0.236196;0.003067;0.003067;0.248466;0.015337;0.012270;0.067485;0.009202;0.055215;0.006135;0.018405;0.003067
(k;0.015625;0.078125;0.015625;0.046875;0.125000;0.015625;0.015625;0.015625;0.015625;0.015625;0.015625;0.015625;0.078125;0.015625;0.015625;0.328125;0.015625;0.015625;0.015625;0.015625;0.015625;0.015625;0.015625;0.015625;0.015625;0.015625;0.015625
(v;0.018868;0.094340;0.018868;0.018868;0.094340;0.018868;0.018868;0.018868;0.018868;0.018868;0.018868;0.018868;0.264151;0.018868;0.018868;0.018868;0.018868;0.113208;0.018868;0.018868;0.018868;0.018868;0.018868;0.018868;0.018868;0.018868;0.018868
(b;0.002212;0.203540;0.006637;0.037611;0.017699;0.002212;0.004425;0.002212;0.006637;0.002212;0.002212;0.002212;0.172566;0.008850;0.002212;0.002212;0.002212;0.030973;0.002212;0.002212;0.002212;0.002212;0.002212;0.473451;0.002212;0.002212;0.002212
(f;0.004065;0.077236;0.012195;0.414634;0.105691;0.004065;0.004065;0.004065;0.008130;0.004065;0.004065;0.004065;0.028455;0.004065;0.004065;0.004065;0.004065;0.239837;0.004065;0.004065;0.004065;0.004065;0.004065;0.036585;0.004065;0.004065;0.004065
(w;0.001252;0.090113;0.001252;0.007509;0.033792;0.001252;0.471840;0.001252;0.001252;0.001252;0.001252;0.001252;0.325407;0.001252;0.001252;0.001252;0.001252;0.045056;0.001252;0.001252;0.001252;0.001252;0.001252;0.001252;0.001252;0.001252;0.001252
(u;0.018868;0.018868;0.056604;0.018868;0.018868;0.018868;0.018868;0.037736;0.018868;0.018868;0.018868;0.018868;0.018868;0.018868;0.169811;0.245283;0.018868;0.018868;0.018868;0.018868;0.018868;0.018868;0.018868;0.018868;0.018868;0.075472;0.018868
(d;0.004926;0.064039;0.004926;0.118227;0.142857;0.004926;0.004926;0.004926;0.004926;0.004926;0.004926;0.004926;0.147783;0.004926;0.004926;0.004926;0.004926;0.413793;0.004926;0.004926;0.004926;0.004926;0.004926;0.009852;0.004926;0.004926;0.004926
(p;0.006250;0.118750;0.075000;0.237500;0.025000;0.006250;0.018750;0.006250;0.006250;0.006250;0.006250;0.006250;0.231250;0.006250;0.006250;0.006250;0.006250;0.118750;0.006250;0.006250;0.006250;0.006250;0.006250;0.056250;0.006250;0.006250;0.006250
(#;0.029412;0.029412;0.029412;0.029412;0.029412;0.029412;0.058824;0.029412;0.029412;0.029412;0.029412;0.029412;0.058824;0.029412;0.029412;0.029412;0.029412;0.029412;0.029412;0.029412;0.029412;0.029412;0.029412;0.176471;0.029412;0.029412;0.029412
a(;0.037037;0.037037;0.037037;0.037037;0.037037;0.037037;0.037037;0.037037;0.037037;0.037037;0.037037;0.037037;0.037037;0.037037;0.037037;0.037037;0.037037;0.037037;0.037037;0.037037;0.037037;0.037037;0.037037;0.037037;0.037037;0.037037;0.037037
aa;0.033333;0.033333;0.033333;0.066667;0.033333;0.033333;0.033333;0.033333;0.033333;0.033333;0.033333;0.033333;0.033333;0.033333;0.033333;0.066667;0.033333;0.033333;0.033333;0.033333;0.033333;0.033333;0.033333;0.033333;0.066667;0.033333;0.033333
al;0.000206;0.009494;0.406811;0.014654;0.054283;0.000826;0.000206;0.033437;0.221465;0.000206;0.009494;0.001651;0.017957;0.002477;0.053664;0.000206;0.011558;0.010114;0.061094;0.000826;0.014654;0.005986;0.030753;0.005573;0.030753;0.001445;0.000206
ar;0.000214;0.028278;0.019494;0.028706;0.048629;0.023350;0.000428;0.147386;0.100686;0.000428;0.014996;0.012639;0.287275;0.037704;0.070480;0.047772;0.010711;0.022279;0.016067;0.003428;0.006641;0.001500;0.000428;0.000214;0.067266;0.002356;0.000643
ai;0.000645;0.000645;0.075484;0.085161;0.007742;0.034839;0.000645;0.045161;0.001290;0.000645;0.013548;0.000645;0.000645;0.000645;0.016129;0.314194;0.000645;0.000645;0.000645;0.001935;0.000645;0.000645;0.000645;0.000645;0.394194;0.000645;0.000645
ag;0.001032;0.211558;0.002064;0.105263;0.057792;0.021672;0.004128;0.001032;0.100103;0.001032;0.003096;0.001032;0.348813;0.001032;0.008256;0.008256;0.010320;0.095975;0.001032;0.001032;0.001032;0.001032;0.001032;0.009288;0.001032;0.001032;0.001032
ah;0.001942;0.019417;0.015534;0.001942;0.001942;0.001942;0.001942;0.001942;0.679612;0.001942;0.001942;0.001942;0.038835;0.001942;0.003883;0.001942;0.194175;0.003883;0.001942;0.001942;0.001942;0.001942;0.001942;0.007767;0.001942;0.001942;0.001942
at;0.000121;0.003502;0.001087;0.002173;0.103719;0.000121;0.023424;0.022217;0.541657;0.000121;0.001328;0.026081;0.138976;0.000121;0.096716;0.000362;0.022458;0.009418;0.000121;0.000121;0.000121;0.001087;0.000121;0.004468;0.000121;0.000121;0.000121
a ;0.000213;0.042413;0.094203;0.043478;0.021313;0.051790;0.034101;0.085465;0.000213;0.010230;0.041986;0.069054;0.003410;0.011296;0.067988;0.029838;0.000213;0.013640;0.006820;0.033674;0.072251;0.044544;0.060955;0.003410;0.061168;0.093350;0.002984
aj;0.015385;0.030769;0.015385;0.015385;0.015385;0.015385;0.015385;0.015385;0.015385;0.015385;0.015385;0.015385;0.046154;0.015385;0.015385;0.015385;0.015385;0.553846;0.015385;0.015385;0.015385;0.015385;0.015385;0.015385;0.015385;0.015385;0.015385
am;0.000680;0.189116;0.000680;0.000680;0.113605;0.000680;0.000680;0.000680;0.111565;0.000680;0.008844;0.000680;0.394558;0.001361;0.020408;0.006122;0.012245;0.034694;0.000680;0.000680;0.006122;0.000680;0.002721;0.002721;0.000680;0.087075;0.000680
ac;0.000500;0.007000;0.002000;0.017500;0.030500;0.000500;0.077000;0.285500;0.002500;0.000500;0.000500;0.055000;0.144500;0.026500;0.000500;0.000500;0.001000;0.004000;0.336500;0.000500;0.000500;0.000500;0.000500;0.003000;0.000500;0.000500;0.001500
ae;0.011364;0.011364;0.522727;0.022727;0.011364;0.022727;0.011364;0.011364;0.034091;0.011364;0.011364;0.011364;0.011364;0.011364;0.056818;0.011364;0.011364;0.022727;0.022727;0.011364;0.011364;0.011364;0.011364;0.011364;0.068182;0.022727;0.011364
ay;0.000411;0.000411;0.002056;0.000822;0.083470;0.000411;0.000822;0.000411;0.543997;0.000411;0.001645;0.000822;0.047286;0.000411;0.148438;0.001234;0.099918;0.002467;0.000411;0.000411;0.059211;0.000411;0.000411;0.000411;0.000411;0.002467;0.000411
as;0.000237;0.000474;0.000474;0.000237;0.027955;0.000237;0.054963;0.085051;0.565506;0.000237;0.001185;0.002843;0.053542;0.006633;0.089789;0.011846;0.030561;0.034589;0.024876;0.000237;0.000474;0.000237;0.000237;0.005686;0.000237;0.001421;0.000237
an;0.000094;0.007394;0.000187;0.000094;0.024427;0.020590;0.000187;0.081048;0.200749;0.000094;0.000094;0.020402;0.006645;0.044923;0.043332;0.010014;0.011044;0.008610;0.013851;0.000094;0.000094;0.000562;0.000374;0.000749;0.502948;0.000094;0.001310
a);0.037037;0.037037;0.037037;0.037037;0.037037;0.037037;0.037037;0.037037;0.037037;0.037037;0.037037;0.037037;0.037037;0.037037;0.037037;0.037037;0.037037;0.037037;0.037037;0.037037;0.037037;0.037037;0.037037;0.037037;0.037037;0.037037;0.037037
ao;0.029412;0.029412;0.029412;0.147059;0.029412;0.029412;0.029412;0.058824;0.058824;0.029412;0.029412;0.029412;0.029412;0.029412;0.029412;0.029412;0.058824;0.029412;0.029412;0.029412;0.029412;0.029412;0.029412;0.029412;0.029412;0.029412;0.029412
ak;0.001477;0.007386;0.001477;0.001477;0.155096;0.001477;0.001477;0.002954;0.064993;0.001477;0.001477;0.001477;0.692762;0.002954;0.025111;0.004431;0.004431;0.002954;0.001477;0.001477;0.002954;0.008863;0.001477;0.002954;0.002954;0.001477;0.001477
av;0.000637;0.021642;0.000637;0.000637;0.080204;0.000637;0.000637;0.000637;0.000637;0.000637;0.000637;0.000637;0.813495;0.005092;0.000637;0.000637;0.000637;0.064927;0.000637;0.001273;0.000637;0.000637;0.000637;0.000637;0.000637;0.000637;0.000637
ab;0.000708;0.017693;0.178344;0.007785;0.045294;0.000708;0.001415;0.000708;0.013447;0.000708;0.000708;0.000708;0.011323;0.017693;0.041047;0.000708;0.000708;0.634112;0.000708;0.000708;0.014154;0.000708;0.000708;0.007077;0.000708;0.000708;0.000708
af;0.003690;0.007380;0.007380;0.114391;0.022140;0.025830;0.003690;0.476015;0.011070;0.003690;0.003690;0.003690;0.055351;0.003690;0.003690;0.003690;0.003690;0.003690;0.003690;0.003690;0.003690;0.214022;0.003690;0.003690;0.003690;0.003690;0.003690
aw;0.002688;0.422043;0.013441;0.002688;0.010753;0.002688;0.010753;0.002688;0.295699;0.002688;0.002688;0.002688;0.024194;0.064516;0.048387;0.016129;0.021505;0.002688;0.016129;0.002688;0.005376;0.013441;0.002688;0.002688;0.002688;0.002688;0.002688
au;0.001130;0.001130;0.044068;0.024859;0.001130;0.057627;0.001130;0.068927;0.007910;0.001130;0.004520;0.005650;0.004520;0.001130;0.707345;0.012429;0.001130;0.001130;0.003390;0.001130;0.004520;0.001130;0.001130;0.001130;0.037288;0.001130;0.002260
ad;0.000636;0.019708;0.015893;0.001907;0.047044;0.001271;0.000636;0.000636;0.412587;0.003814;0.090273;0.000636;0.149396;0.060394;0.013350;0.006993;0.031151;0.008900;0.000636;0.035601;0.000636;0.000636;0.002543;0.013350;0.080102;0.000636;0.000636
ap;0.001389;0.066667;0.002778;0.006944;0.029167;0.001389;0.030556;0.020833;0.050000;0.001389;0.002778;0.001389;0.133333;0.005556;0.016667;0.001389;0.002778;0.063889;0.001389;0.001389;0.001389;0.001389;0.001389;0.001389;0.001389;0.550000;0.001389
a#;0.002101;0.008403;0.002101;0.002101;0.121849;0.002101;0.002101;0.002101;0.170168;0.002101;0.002101;0.002101;0.052521;0.149160;0.004202;0.002101;0.021008;0.287815;0.002101;0.002101;0.002101;0.002101;0.002101;0.004202;0.002101;0.144958;0.002101
l(;0.037037;0.037037;0.037037;0.037037;0.037037;0.037037;0.037037;0.037037;0.037037;0.037037;0.037037;0.037037;0.037037;0.037037;0.037037;0.037037;0.037037;0.037037;0.037037;0.037037;0.037037;0.037037;0.037037;0.037037;0.037037;0.037037;0.037037
la;0.000542;0.000542;0.000542;0.168472;0.038462;0.010834;0.003250;0.095883;0.009751;0.000542;0.029794;0.116468;0.000542;0.046046;0.242687;0.086674;0.002167;0.000542;0.003792;0.008667;0.020585;0.001083;0.049296;0.023835;0.022210;0.004875;0.011918
ll;0.000252;0.086420;0.000252;0.000252;0.072562;0.000252;0.000252;0.000252;0.472411;0.000252;0.000252;0.000252;0.072058;0.214160;0.022424;0.001008;0.022928;0.023180;0.000252;0.000252;0.000756;0.000252;0.000252;0.007307;0.000504;0.000756;0.000252
lr;0.010101;0.010101;0.010101;0.010101;0.070707;0.010101;0.010101;0.010101;0.010101;0.010101;0.010101;0.010101;0.646465;0.010101;0.010101;0.010101;0.010101;0.030303;0.010101;0.010101;0.010101;0.010101;0.010101;0.020202;0.010101;0.010101;0.010101
li;0.000273;0.016626;0.000545;0.000273;0.000273;0.023712;0.000545;0.132189;0.000818;0.000273;0.020442;0.122104;0.066776;0.000273;0.062142;0.109294;0.000273;0.027800;0.235487;0.058872;0.025620;0.068956;0.000273;0.000545;0.003543;0.005179;0.016898
lg;0.026316;0.315789;0.026316;0.026316;0.026316;0.026316;0.026316;0.026316;0.026316;0.026316;0.026316;0.026316;0.026316;0.026316;0.026316;0.026316;0.026316;0.026316;0.026316;0.026316;0.026316;0.026316;0.026316;0.026316;0.026316;0.026316;0.026316
lh;0.037037;0.037037;0.037037;0.037037;0.037037;0.037037;0.037037;0.037037;0.037037;0.037037;0.037037;0.037037;0.037037;0.037037;0.037037;0.037037;0.037037;0.037037;0.037037;0.037037;0.037037;0.037037;0.037037;0.037037;0.037037;0.037037;0.037037
lt;0.002564;0.017949;0.002564;0.017949;0.061538;0.002564;0.197436;0.002564;0.233333;0.002564;0.002564;0.002564;0.215385;0.041026;0.028205;0.002564;0.025641;0.012821;0.002564;0.002564;0.002564;0.002564;0.002564;0.107692;0.002564;0.002564;0.002564
l ;0.000285;0.087279;0.027667;0.031945;0.096691;0.023388;0.056760;0.166857;0.000285;0.006560;0.043639;0.047062;0.017684;0.028523;0.058471;0.018540;0.000285;0.056475;0.007986;0.006560;0.046207;0.028808;0.059612;0.008272;0.028237;0.041643;0.004278
lj;0.037037;0.037037;0.037037;0.037037;0.037037;0.037037;0.037037;0.037037;0.037037;0.037037;0.037037;0.037037;0.037037;0.037037;0.037037;0.037037;0.037037;0.037037;0.037037;0.037037;0.037037;0.037037;0.037037;0.037037;0.037037;0.037037;0.037037
lm;0.011364;0.090909;0.022727;0.011364;0.079545;0.011364;0.011364;0.011364;0.159091;0.011364;0.022727;0.011364;0.045455;0.011364;0.011364;0.011364;0.011364;0.352273;0.011364;0.011364;0.011364;0.011364;0.011364;0.011364;0.011364;0.011364;0.011364
lc;0.008197;0.049180;0.008197;0.008197;0.008197;0.008197;0.024590;0.008197;0.008197;0.008197;0.008197;0.008197;0.008197;0.008197;0.008197;0.008197;0.008197;0.704918;0.008197;0.008197;0.008197;0.008197;0.008197;0.032787;0.008197;0.008197;0.008197
le;0.000266;0.123868;0.000799;0.024774;0.001598;0.030900;0.000266;0.063932;0.446723;0.000266;0.038359;0.046617;0.005860;0.005860;0.053010;0.031167;0.026105;0.000799;0.000266;0.022110;0.006127;0.013852;0.001598;0.000266;0.047682;0.002397;0.004529
ly;0.000541;0.000541;0.000541;0.002162;0.014595;0.000541;0.000541;0.000541;0.903243;0.000541;0.004324;0.000541;0.000541;0.000541;0.006486;0.005405;0.041622;0.000541;0.000541;0.000541;0.000541;0.000541;0.009730;0.000541;0.001081;0.001081;0.001622
ls;0.001835;0.001835;0.001835;0.001835;0.007339;0.001835;0.036697;0.001835;0.462385;0.001835;0.001835;0.001835;0.124771;0.001835;0.001835;0.001835;0.040367;0.286239;0.001835;0.001835;0.001835;0.001835;0.001835;0.001835;0.005505;0.001835;0.001835
ln;0.020000;0.020000;0.020000;0.020000;0.020000;0.020000;0.020000;0.020000;0.240000;0.020000;0.020000;0.020000;0.200000;0.020000;0.020000;0.020000;0.080000;0.020000;0.020000;0.020000;0.020000;0.020000;0.020000;0.020000;0.020000;0.020000;0.020000
l);0.037037;0.037037;0.037037;0.037037;0.037037;0.037037;0.037037;0.037037;0.037037;0.037037;0.037037;0.037037;0.037037;0.037037;0.037037;0.037037;0.037037;0.037037;0.037037;0.037037;0.037037;0.037037;0.037037;0.037037;0.037037;0.037037;0.037037
lo;0.000566;0.005096;0.001133;0.027180;0.002265;0.053794;0.001133;0.143262;0.005663;0.000566;0.005096;0.101359;0.000566;0.013590;0.147792;0.090034;0.002265;0.154020;0.000566;0.097395;0.018686;0.000566;0.092865;0.019253;0.002265;0.011891;0.001133
lk;0.002890;0.002890;0.002890;0.002890;0.387283;0.002890;0.002890;0.002890;0.355491;0.002890;0.002890;0.002890;0.092486;0.002890;0.086705;0.002890;0.014451;0.002890;0.002890;0.002890;0.002890;0.002890;0.002890;0.002890;0.002890;0.002890;0.002890
lv;0.003937;0.562992;0.003937;0.003937;0.023622;0.003937;0.003937;0.003937;0.003937;0.003937;0.003937;0.003937;0.318898;0.003937;0.003937;0.003937;0.003937;0.003937;0.003937;0.003937;0.003937;0.003937;0.003937;0.003937;0.003937;0.003937;0.003937
lb;0.009434;0.009434;0.009434;0.009434;0.018868;0.009434;0.009434;0.009434;0.018868;0.009434;0.009434;0.009434;0.018868;0.018868;0.009434;0.009434;0.018868;0.037736;0.009434;0.009434;0.009434;0.009434;0.009434;0.679245;0.009434;0.009434;0.009434
lf;0.006579;0.013158;0.006579;0.039474;0.013158;0.006579;0.006579;0.013158;0.671053;0.006579;0.006579;0.006579;0.013158;0.006579;0.006579;0.006579;0.085526;0.006579;0.006579;0.006579;0.006579;0.006579;0.019737;0.013158;0.006579;0.006579;0.006579
lw;0.005650;0.853107;0.005650;0.005650;0.005650;0.005650;0.005650;0.005650;0.005650;0.005650;0.005650;0.005650;0.005650;0.005650;0.005650;0.005650;0.005650;0.005650;0.005650;0.005650;0.005650;0.005650;0.005650;0.005650;0.005650;0.005650;0.005650
lu;0.003367;0.013468;0.003367;0.063973;0.010101;0.016835;0.003367;0.249158;0.010101;0.003367;0.067340;0.074074;0.144781;0.003367;0.097643;0.043771;0.006734;0.003367;0.003367;0.003367;0.060606;0.003367;0.003367;0.003367;0.090909;0.003367;0.010101
ld;0.000702;0.000702;0.000702;0.021053;0.032982;0.000702;0.002105;0.000702;0.795789;0.000702;0.000702;0.000702;0.025965;0.000702;0.018246;0.069474;0.016842;0.002105;0.000702;0.000702;0.001404;0.001404;0.002105;0.000702;0.000702;0.000702;0.000702
lp;0.010638;0.010638;0.021277;0.031915;0.127660;0.010638;0.053191;0.021277;0.329787;0.010638;0.010638;0.010638;0.106383;0.010638;0.063830;0.010638;0.031915;0.021277;0.010638;0.010638;0.010638;0.021277;0.010638;0.010638;0.010638;0.010638;0.010638
l#;0.037037;0.037037;0.037037;0.037037;0.037037;0.037037;0.037037;0.037037;0.037037;0.037037;0.037037;0.037037;0.037037;0.037037;0.037037;0.037037;0.037037;0.037037;0.037037;0.037037;0.037037;0.037037;0.037037;0.037037;0.037037;0.037037;0.037037
r(;0.037037;0.037037;0.037037;0.037037;0.037037;0.037037;0.037037;0.037037;0.037037;0.037037;0.037037;0.037037;0.037037;0.037037;0.037037;0.037037;0.037037;0.037037;0.037037;0.037037;0.037037;0.037037;0.037037;0.037037;0.037037;0.037037;0.037037
ra;0.000449;0.000449;0.111461;0.008539;0.052584;0.067865;0.011236;0.262022;0.019326;0.000899;0.024270;0.092135;0.008090;0.015730;0.028764;0.113258;0.003596;0.002247;0.000449;0.016629;0.027416;0.005393;0.007640;0.006742;0.044045;0.028764;0.040000
rl;0.003460;0.024221;0.003460;0.003460;0.110727;0.003460;0.003460;0.006920;0.062284;0.003460;0.003460;0.003460;0.038062;0.217993;0.072664;0.003460;0.010381;0.020761;0.003460;0.003460;0.003460;0.020761;0.003460;0.003460;0.359862;0.003460;0.003460
rr;0.001919;0.040307;0.001919;0.001919;0.287908;0.001919;0.001919;0.001919;0.005758;0.001919;0.001919;0.001919;0.220729;0.214971;0.001919;0.001919;0.001919;0.166987;0.001919;0.001919;0.001919;0.001919;0.001919;0.024952;0.001919;0.001919;0.001919
ri;0.000287;0.022929;0.008598;0.000287;0.000287;0.176842;0.000287;0.090857;0.001146;0.002006;0.082832;0.116939;0.174262;0.000287;0.047291;0.125824;0.000287;0.026655;0.003153;0.026082;0.025222;0.009458;0.000287;0.000287;0.038406;0.012898;0.006306
rg;0.002591;0.098446;0.002591;0.007772;0.295337;0.002591;0.002591;0.002591;0.031088;0.002591;0.002591;0.002591;0.344560;0.031088;0.002591;0.002591;0.005181;0.038860;0.002591;0.002591;0.002591;0.002591;0.002591;0.101036;0.002591;0.002591;0.002591
rh;0.018519;0.148148;0.018519;0.018519;0.018519;0.018519;0.018519;0.018519;0.018519;0.018519;0.018519;0.018519;0.314815;0.074074;0.018519;0.018519;0.018519;0.037037;0.018519;0.018519;0.018519;0.018519;0.018519;0.018519;0.018519;0.018519;0.018519
rt;0.000660;0.095050;0.003300;0.002640;0.118152;0.001320;0.070627;0.000660;0.240264;0.000660;0.016502;0.000660;0.085149;0.184158;0.049505;0.048845;0.025743;0.009901;0.000660;0.000660;0.001980;0.001320;0.000660;0.038944;0.000660;0.000660;0.000660
r ;0.000139;0.113677;0.019758;0.021149;0.060804;0.027411;0.053986;0.148045;0.000139;0.007514;0.032698;0.032281;0.018645;0.048282;0.061083;0.019340;0.000139;0.048977;0.006261;0.006400;0.041185;0.039377;0.077223;0.006679;0.056630;0.050230;0.001948
rj;0.027778;0.027778;0.027778;0.027778;0.027778;0.027778;0.027778;0.027778;0.027778;0.027778;0.027778;0.027778;0.055556;0.027778;0.027778;0.027778;0.027778;0.055556;0.027778;0.027778;0.027778;0.027778;0.027778;0.222222;0.027778;0.027778;0.027778
rm;0.002639;0.213720;0.007916;0.002639;0.108179;0.002639;0.002639;0.002639;0.226913;0.002639;0.002639;0.002639;0.102902;0.102902;0.147757;0.002639;0.010554;0.023747;0.002639;0.002639;0.002639;0.005277;0.002639;0.007916;0.002639;0.002639;0.002639
rc;0.003322;0.016611;0.019934;0.003322;0.076412;0.003322;0.182724;0.006645;0.006645;0.003322;0.003322;0.003322;0.558140;0.009967;0.003322;0.003322;0.003322;0.019934;0.006645;0.003322;0.003322;0.003322;0.003322;0.043189;0.003322;0.003322;0.003322
re;0.000106;0.141604;0.012258;0.000317;0.002748;0.006975;0.000740;0.014689;0.427771;0.000845;0.024305;0.020818;0.037198;0.001374;0.138223;0.038149;0.020924;0.001057;0.000211;0.013949;0.001162;0.008031;0.004121;0.000211;0.037726;0.042481;0.002008
ry;0.000567;0.015864;0.001700;0.000567;0.087819;0.000567;0.000567;0.043626;0.669688;0.000567;0.002833;0.000567;0.001700;0.000567;0.005666;0.000567;0.075921;0.020963;0.000567;0.000567;0.056657;0.000567;0.005099;0.000567;0.003966;0.001133;0.000567
rs;0.000493;0.016774;0.000493;0.000493;0.019734;0.000493;0.015787;0.130735;0.510607;0.000493;0.000493;0.001480;0.092748;0.001973;0.000493;0.000493;0.104095;0.088308;0.000493;0.000493;0.000987;0.000493;0.000493;0.004440;0.001973;0.003947;0.000493
rn;0.001376;0.060523;0.001376;0.001376;0.207703;0.001376;0.001376;0.001376;0.359010;0.001376;0.093535;0.002751;0.188446;0.004127;0.026135;0.001376;0.005502;0.028886;0.001376;0.001376;0.001376;0.001376;0.001376;0.001376;0.001376;0.001376;0.001376
r);0.037037;0.037037;0.037037;0.037037;0.037037;0.037037;0.037037;0.037037;0.037037;0.037037;0.037037;0.037037;0.037037;0.037037;0.037037;0.037037;0.037037;0.037037;0.037037;0.037037;0.037037;0.037037;0.037037;0.037037;0.037037;0.037037;0.037037
ro;0.000403;0.019331;0.028192;0.018526;0.004430;0.024970;0.000403;0.062424;0.014499;0.004430;0.291180;0.015304;0.003625;0.016110;0.041482;0.070077;0.001611;0.031011;0.009263;0.020137;0.074909;0.010471;0.052356;0.123641;0.016915;0.043496;0.000805
rk;0.002525;0.005051;0.005051;0.002525;0.133838;0.002525;0.002525;0.002525;0.436869;0.002525;0.002525;0.002525;0.224747;0.002525;0.070707;0.002525;0.065657;0.002525;0.002525;0.002525;0.002525;0.007576;0.002525;0.002525;0.002525;0.005051;0.002525
rv;0.004425;0.327434;0.004425;0.004425;0.336283;0.004425;0.004425;0.004425;0.004425;0.004425;0.004425;0.004425;0.199115;0.004425;0.004425;0.004425;0.004425;0.035398;0.004425;0.004425;0.004425;0.004425;0.004425;0.004425;0.004425;0.004425;0.004425
rb;0.010204;0.255102;0.010204;0.010204;0.112245;0.010204;0.010204;0.010204;0.040816;0.010204;0.010204;0.010204;0.091837;0.030612;0.040816;0.010204;0.010204;0.183673;0.010204;0.010204;0.010204;0.010204;0.010204;0.051020;0.010204;0.010204;0.010204
rf;0.012346;0.123457;0.012346;0.012346;0.074074;0.012346;0.012346;0.012346;0.012346;0.012346;0.012346;0.012346;0.197531;0.012346;0.012346;0.012346;0.012346;0.061728;0.012346;0.012346;0.012346;0.012346;0.012346;0.271605;0.012346;0.012346;0.012346
rw;0.013158;0.381579;0.013158;0.013158;0.184211;0.013158;0.065789;0.013158;0.013158;0.013158;0.013158;0.013158;0.039474;0.013158;0.013158;0.013158;0.013158;0.039474;0.013158;0.013158;0.013158;0.013158;0.013158;0.013158;0.013158;0.013158;0.013158
ru;0.000785;0.003925;0.036107;0.003925;0.016484;0.036892;0.000785;0.025903;0.000785;0.000785;0.481947;0.038462;0.063579;0.000785;0.124019;0.109890;0.000785;0.000785;0.000785;0.000785;0.015699;0.000785;0.000785;0.000785;0.013344;0.016484;0.003925
rd;0.001364;0.038199;0.008186;0.005457;0.030014;0.001364;0.001364;0.001364;0.455662;0.001364;0.001364;0.004093;0.238745;0.005457;0.122783;0.004093;0.042292;0.019100;0.001364;0.001364;0.004093;0.001364;0.001364;0.004093;0.001364;0.001364;0.001364
rp;0.010204;0.010204;0.051020;0.183673;0.020408;0.010204;0.010204;0.040816;0.061224;0.010204;0.010204;0.010204;0.081633;0.010204;0.040816;0.010204;0.010204;0.316327;0.010204;0.010204;0.010204;0.010204;0.010204;0.020408;0.010204;0.010204;0.010204
r#;0.027778;0.027778;0.027778;0.027778;0.027778;0.027778;0.027778;0.027778;0.138889;0.027778;0.027778;0.027778;0.055556;0.027778;0.027778;0.027778;0.055556;0.027778;0.027778;0.027778;0.027778;0.027778;0.027778;0.111111;0.027778;0.027778;0.027778
i(;0.037037;0.037037;0.037037;0.037037;0.037037;0.037037;0.037037;0.037037;0.037037;0.037037;0.037037;0.037037;0.037037;0.037037;0.037037;0.037037;0.037037;0.037037;0.037037;0.037037;0.037037;0.037037;0.037037;0.037037;0.037037;0.037037;0.037037
ia;0.000993;0.000993;0.229394;0.024826;0.000993;0.014896;0.001986;0.061569;0.356504;0.000993;0.004965;0.003972;0.000993;0.000993;0.017875;0.226415;0.027805;0.000993;0.000993;0.001986;0.011917;0.000993;0.000993;0.000993;0.001986;0.001986;0.000993
il;0.000651;0.020169;0.535459;0.001301;0.091737;0.000651;0.000651;0.018217;0.064411;0.000651;0.007157;0.000651;0.096291;0.044242;0.015615;0.000651;0.011061;0.005856;0.001952;0.001301;0.003253;0.000651;0.001952;0.007157;0.067014;0.000651;0.000651
ir;0.000814;0.048046;0.041531;0.012215;0.017101;0.019544;0.000814;0.087948;0.328990;0.000814;0.010586;0.013844;0.165309;0.002443;0.139251;0.001629;0.011401;0.039088;0.001629;0.001629;0.000814;0.002443;0.002443;0.000814;0.041531;0.006515;0.000814
ii;0.025641;0.051282;0.025641;0.025641;0.025641;0.025641;0.025641;0.051282;0.282051;0.025641;0.025641;0.025641;0.025641;0.025641;0.025641;0.025641;0.025641;0.025641;0.025641;0.025641;0.025641;0.025641;0.025641;0.025641;0.025641;0.025641;0.025641
ig;0.000630;0.037177;0.000630;0.035287;0.024575;0.031506;0.649023;0.000630;0.076244;0.000630;0.003151;0.000630;0.011972;0.000630;0.000630;0.091367;0.003151;0.011342;0.000630;0.000630;0.000630;0.000630;0.000630;0.015753;0.000630;0.000630;0.000630
ih;0.029412;0.058824;0.029412;0.029412;0.176471;0.029412;0.029412;0.029412;0.029412;0.029412;0.029412;0.029412;0.029412;0.029412;0.029412;0.029412;0.029412;0.058824;0.029412;0.029412;0.029412;0.029412;0.029412;0.029412;0.029412;0.029412;0.029412
it;0.000165;0.013536;0.004787;0.000495;0.060416;0.000165;0.187686;0.038792;0.318092;0.000165;0.000495;0.006933;0.075768;0.054638;0.187025;0.000825;0.031694;0.003632;0.000165;0.000165;0.000165;0.000330;0.000165;0.012215;0.000165;0.000165;0.001155
i ;0.000333;0.053892;0.053560;0.021623;0.018629;0.042249;0.053892;0.180639;0.000333;0.019295;0.109115;0.046574;0.004325;0.003327;0.051564;0.012309;0.000333;0.007319;0.038922;0.001996;0.010978;0.018297;0.106121;0.006986;0.129741;0.006653;0.000998
ij;0.027778;0.083333;0.027778;0.027778;0.055556;0.027778;0.027778;0.027778;0.027778;0.027778;0.027778;0.027778;0.027778;0.027778;0.027778;0.027778;0.027778;0.027778;0.027778;0.027778;0.027778;0.027778;0.027778;0.194444;0.027778;0.027778;0.027778
im;0.000462;0.059584;0.001386;0.000462;0.036952;0.000462;0.000924;0.000462;0.362587;0.000462;0.035566;0.000462;0.360739;0.000924;0.019861;0.000462;0.031871;0.004157;0.000462;0.000462;0.006005;0.000462;0.000462;0.005081;0.000462;0.068360;0.000462
ic;0.000395;0.330569;0.005134;0.005134;0.057662;0.000395;0.112559;0.060821;0.150079;0.000395;0.000395;0.000395;0.120063;0.014613;0.033175;0.000790;0.009084;0.011848;0.063586;0.000395;0.000395;0.000395;0.000395;0.020142;0.000395;0.000395;0.000395
ie;0.000622;0.000622;0.024876;0.023632;0.000622;0.004353;0.000622;0.033582;0.107587;0.000622;0.000622;0.012438;0.000622;0.000622;0.292289;0.180970;0.012438;0.000622;0.000622;0.092662;0.002488;0.085199;0.036070;0.000622;0.083333;0.000622;0.000622
iy;0.037037;0.037037;0.037037;0.037037;0.037037;0.037037;0.037037;0.037037;0.037037;0.037037;0.037037;0.037037;0.037037;0.037037;0.037037;0.037037;0.037037;0.037037;0.037037;0.037037;0.037037;0.037037;0.037037;0.037037;0.037037;0.037037;0.037037
is;0.000175;0.009460;0.008059;0.003679;0.034513;0.002278;0.018921;0.115802;0.672214;0.000175;0.014191;0.020673;0.021374;0.001051;0.033111;0.011212;0.015767;0.009110;0.001752;0.000175;0.000526;0.000701;0.000175;0.001226;0.000175;0.003329;0.000175
in;0.000087;0.016980;0.002874;0.000174;0.020724;0.473703;0.000871;0.069140;0.195228;0.000522;0.000610;0.015848;0.039359;0.000958;0.020289;0.006705;0.006531;0.002874;0.073929;0.008098;0.000087;0.006357;0.000087;0.005399;0.032393;0.000087;0.000087
i);0.037037;0.037037;0.037037;0.037037;0.037037;0.037037;0.037037;0.037037;0.037037;0.037037;0.037037;0.037037;0.037037;0.037037;0.037037;0.037037;0.037037;0.037037;0.037037;0.037037;0.037037;0.037037;0.037037;0.037037;0.037037;0.037037;0.037037
io;0.000554;0.000554;0.020487;0.028793;0.000554;0.000554;0.000554;0.018272;0.012735;0.000554;0.000554;0.001661;0.000554;0.000554;0.000554;0.841639;0.004430;0.000554;0.000554;0.000554;0.000554;0.000554;0.001661;0.054817;0.005537;0.001107;0.000554
ik;0.001080;0.002160;0.001080;0.001080;0.009719;0.001080;0.001080;0.001080;0.002160;0.001080;0.001080;0.001080;0.958963;0.001080;0.002160;0.001080;0.001080;0.001080;0.001080;0.001080;0.001080;0.001080;0.001080;0.002160;0.001080;0.001080;0.001080
iv;0.000962;0.051923;0.000962;0.000962;0.151923;0.000962;0.000962;0.000962;0.004808;0.000962;0.000962;0.000962;0.751923;0.000962;0.000962;0.000962;0.000962;0.018269;0.000962;0.000962;0.000962;0.000962;0.000962;0.000962;0.000962;0.000962;0.000962
ib;0.002625;0.028871;0.477690;0.020997;0.060367;0.002625;0.002625;0.002625;0.002625;0.002625;0.002625;0.002625;0.270341;0.010499;0.007874;0.002625;0.002625;0.002625;0.002625;0.002625;0.018373;0.002625;0.002625;0.057743;0.002625;0.002625;0.002625
if;0.000913;0.001826;0.001826;0.000913;0.050228;0.000913;0.000913;0.082192;0.426484;0.000913;0.000913;0.000913;0.221918;0.013699;0.000913;0.000913;0.005479;0.035616;0.000913;0.000913;0.000913;0.133333;0.000913;0.012785;0.000913;0.000913;0.000913
iw;0.037037;0.037037;0.037037;0.037037;0.037037;0.037037;0.037037;0.037037;0.037037;0.037037;0.037037;0.037037;0.037037;0.037037;0.037037;0.037037;0.037037;0.037037;0.037037;0.037037;0.037037;0.037037;0.037037;0.037037;0.037037;0.037037;0.037037
iu;0.016129;0.016129;0.161290;0.016129;0.016129;0.016129;0.016129;0.016129;0.016129;0.016129;0.354839;0.016129;0.016129;0.016129;0.096774;0.016129;0.016129;0.016129;0.016129;0.016129;0.016129;0.016129;0.016129;0.016129;0.016129;0.016129;0.016129
id;0.000445;0.026246;0.000890;0.000445;0.018683;0.002669;0.000445;0.006228;0.412367;0.000445;0.000445;0.000445;0.316281;0.002224;0.060943;0.080071;0.035142;0.002669;0.000445;0.000445;0.000445;0.000445;0.001779;0.005783;0.022687;0.000445;0.000445
ip;0.003937;0.094488;0.110236;0.003937;0.003937;0.003937;0.015748;0.023622;0.291339;0.003937;0.003937;0.003937;0.114173;0.003937;0.114173;0.003937;0.019685;0.011811;0.003937;0.003937;0.003937;0.003937;0.003937;0.007874;0.003937;0.133858;0.003937
i#;0.002336;0.084112;0.002336;0.002336;0.060748;0.002336;0.002336;0.137850;0.119159;0.002336;0.002336;0.002336;0.324766;0.002336;0.002336;0.002336;0.004673;0.032710;0.002336;0.002336;0.002336;0.002336;0.002336;0.177570;0.002336;0.002336;0.016355
g(;0.037037;0.037037;0.037037;0.037037;0.037037;0.037037;0.037037;0.037037;0.037037;0.037037;0.037037;0.037037;0.037037;0.037037;0.037037;0.037037;0.037037;0.037037;0.037037;0.037037;0.037037;0.037037;0.037037;0.037037;0.037037;0.037037;0.037037
ga;0.001538;0.001538;0.073846;0.073846;0.284615;0.026154;0.001538;0.144615;0.009231;0.001538;0.060000;0.009231;0.004615;0.033846;0.076923;0.107692;0.001538;0.001538;0.001538;0.041538;0.003077;0.003077;0.001538;0.004615;0.001538;0.009231;0.020000
gl;0.006410;0.160256;0.006410;0.006410;0.070513;0.006410;0.006410;0.006410;0.006410;0.006410;0.006410;0.006410;0.230769;0.179487;0.006410;0.006410;0.006410;0.192308;0.006410;0.006410;0.006410;0.006410;0.006410;0.032051;0.006410;0.006410;0.006410
gr;0.001111;0.210000;0.001111;0.001111;0.165556;0.001111;0.001111;0.001111;0.001111;0.001111;0.001111;0.001111;0.446667;0.035556;0.001111;0.001111;0.001111;0.113333;0.001111;0.001111;0.001111;0.001111;0.001111;0.005556;0.001111;0.001111;0.001111
gi;0.001736;0.031250;0.013889;0.069444;0.001736;0.003472;0.001736;0.015625;0.001736;0.001736;0.003472;0.048611;0.008681;0.001736;0.057292;0.406250;0.001736;0.057292;0.001736;0.213542;0.008681;0.008681;0.001736;0.017361;0.003472;0.001736;0.015625
gg;0.007634;0.015267;0.061069;0.053435;0.122137;0.007634;0.007634;0.007634;0.015267;0.007634;0.007634;0.007634;0.511450;0.015267;0.030534;0.007634;0.007634;0.030534;0.007634;0.007634;0.007634;0.007634;0.007634;0.007634;0.007634;0.015267;0.007634
gh;0.000700;0.005598;0.004899;0.000700;0.003499;0.000700;0.000700;0.764171;0.169349;0.000700;0.000700;0.000700;0.014696;0.000700;0.000700;0.002099;0.009797;0.006998;0.000700;0.000700;0.004899;0.000700;0.002799;0.000700;0.000700;0.000700;0.000700
gt;0.019608;0.019608;0.019608;0.019608;0.019608;0.019608;0.098039;0.019608;0.019608;0.019608;0.019608;0.019608;0.019608;0.019608;0.019608;0.019608;0.019608;0.411765;0.019608;0.019608;0.019608;0.019608;0.019608;0.019608;0.019608;0.019608;0.019608
g ;0.000183;0.138298;0.021460;0.013390;0.086023;0.011005;0.029897;0.312179;0.000183;0.014674;0.021093;0.022744;0.012839;0.019993;0.030998;0.011005;0.000183;0.074835;0.003485;0.003668;0.031731;0.030448;0.051174;0.015407;0.019626;0.022927;0.000550
gj;0.037037;0.037037;0.037037;0.037037;0.037037;0.037037;0.037037;0.037037;0.037037;0.037037;0.037037;0.037037;0.037037;0.037037;0.037037;0.037037;0.037037;0.037037;0.037037;0.037037;0.037037;0.037037;0.037037;0.037037;0.037037;0.037037;0.037037
gm;0.025641;0.128205;0.025641;0.025641;0.025641;0.025641;0.025641;0.025641;0.025641;0.025641;0.025641;0.025641;0.230769;0.025641;0.025641;0.025641;0.025641;0.025641;0.025641;0.025641;0.025641;0.025641;0.025641;0.025641;0.025641;0.025641;0.025641
gc;0.037037;0.037037;0.037037;0.037037;0.037037;0.037037;0.037037;0.037037;0.037037;0.037037;0.037037;0.037037;0.037037;0.037037;0.037037;0.037037;0.037037;0.037037;0.037037;0.037037;0.037037;0.037037;0.037037;0.037037;0.037037;0.037037;0.037037
ge;0.000506;0.003036;0.011134;0.082996;0.001518;0.000506;0.000506;0.457996;0.217105;0.000506;0.003543;0.000506;0.003543;0.001518;0.045547;0.090587;0.020749;0.028340;0.000506;0.000506;0.000506;0.001012;0.000506;0.000506;0.025304;0.000506;0.000506
gy;0.010870;0.010870;0.010870;0.010870;0.010870;0.010870;0.010870;0.010870;0.510870;0.010870;0.043478;0.010870;0.010870;0.010870;0.010870;0.054348;0.119565;0.010870;0.010870;0.010870;0.010870;0.010870;0.010870;0.010870;0.010870;0.032609;0.010870
gs;0.002874;0.002874;0.002874;0.002874;0.002874;0.002874;0.002874;0.002874;0.885057;0.002874;0.002874;0.002874;0.002874;0.002874;0.002874;0.002874;0.043103;0.002874;0.002874;0.002874;0.002874;0.002874;0.002874;0.002874;0.002874;0.002874;0.002874
gn;0.005155;0.036082;0.005155;0.005155;0.154639;0.005155;0.005155;0.005155;0.432990;0.005155;0.005155;0.005155;0.123711;0.005155;0.020619;0.005155;0.061856;0.067010;0.005155;0.005155;0.005155;0.005155;0.005155;0.005155;0.005155;0.005155;0.005155
g);0.037037;0.037037;0.037037;0.037037;0.037037;0.037037;0.037037;0.037037;0.037037;0.037037;0.037037;0.037037;0.037037;0.037037;0.037037;0.037037;0.037037;0.037037;0.037037;0.037037;0.037037;0.037037;0.037037;0.037037;0.037037;0.037037;0.037037
go;0.000482;0.005304;0.011572;0.008197;0.283992;0.002411;0.000482;0.175506;0.205400;0.000482;0.000964;0.000482;0.030376;0.000482;0.002893;0.050627;0.013500;0.126326;0.000482;0.045323;0.001446;0.000482;0.001446;0.000964;0.029412;0.000482;0.000482
gk;0.037037;0.037037;0.037037;0.037037;0.037037;0.037037;0.037037;0.037037;0.037037;0.037037;0.037037;0.037037;0.037037;0.037037;0.037037;0.037037;0.037037;0.037037;0.037037;0.037037;0.037037;0.037037;0.037037;0.037037;0.037037;0.037037;0.037037
gv;0.037037;0.037037;0.037037;0.037037;0.037037;0.037037;0.037037;0.037037;0.037037;0.037037;0.037037;0.037037;0.037037;0.037037;0.037037;0.037037;0.037037;0.037037;0.037037;0.037037;0.037037;0.037037;0.037037;0.037037;0.037037;0.037037;0.037037
gb;0.034483;0.034483;0.034483;0.034483;0.034483;0.034483;0.034483;0.034483;0.068966;0.034483;0.034483;0.034483;0.034483;0.034483;0.034483;0.034483;0.034483;0.068966;0.034483;0.034483;0.034483;0.034483;0.034483;0.034483;0.034483;0.034483;0.034483
gf;0.037037;0.037037;0.037037;0.037037;0.037037;0.037037;0.037037;0.037037;0.037037;0.037037;0.037037;0.037037;0.037037;0.037037;0.037037;0.037037;0.037037;0.037037;0.037037;0.037037;0.037037;0.037037;0.037037;0.037037;0.037037;0.037037;0.037037
gw;0.037037;0.037037;0.037037;0.037037;0.037037;0.037037;0.037037;0.037037;0.037037;0.037037;0.037037;0.037037;0.037037;0.037037;0.037037;0.037037;0.037037;0.037037;0.037037;0.037037;0.037037;0.037037;0.037037;0.037037;0.037037;0.037037;0.037037
gu;0.001745;0.048866;0.054101;0.048866;0.057592;0.001745;0.001745;0.017452;0.001745;0.001745;0.057592;0.001745;0.132635;0.406632;0.013962;0.127400;0.001745;0.001745;0.001745;0.001745;0.006981;0.001745;0.001745;0.001745;0.001745;0.001745;0.001745
gd;0.032258;0.032258;0.032258;0.032258;0.032258;0.032258;0.032258;0.032258;0.032258;0.032258;0.032258;0.032258;0.032258;0.032258;0.032258;0.032258;0.032258;0.064516;0.032258;0.032258;0.032258;0.032258;0.032258;0.032258;0.032258;0.129032;0.032258
gp;0.035714;0.035714;0.071429;0.035714;0.035714;0.035714;0.035714;0.035714;0.035714;0.035714;0.035714;0.035714;0.035714;0.035714;0.035714;0.035714;0.035714;0.035714;0.035714;0.035714;0.035714;0.035714;0.035714;0.035714;0.035714;0.035714;0.035714
g#;0.037037;0.037037;0.037037;0.037037;0.037037;0.037037;0.037037;0.037037;0.037037;0.037037;0.037037;0.037037;0.037037;0.037037;0.037037;0.037037;0.037037;0.037037;0.037037;0.037037;0.037037;0.037037;0.037037;0.037037;0.037037;0.037037;0.037037
